36,3
36,2
36,1
36,0
35,3
35,2
35,1
35,0
0,387
0,386
0,385
0,384
0,278
26,2
26,0
26,1
26,3
34,3
34,2
0,9
34,1
34,0
33,49
33,48
33,47
33,46
33,45
33,44
33,43
33,42
33,41
33,40
33,39
33,38
33,37
33,36
33,35
3,2
10,194
10,146
10,197
10,125
10,106
10,2
10,3
11,7
11,17
11,12
11,14
11,18
11,2
11,3
9,5
9,2
9,3
11,30
11,29
11,28
8,10
11,27
8,4
11,26
8,5
11,25
8,7
11,24
8,9
11,23
8,2
8,3
11,22
11,1
11,21
10,316
10,315
10,314
12,2
10,313
12,1
10,312
12,3
10,311
10,310
10,309
10,308
10,307
10,306
10,305
10,304
10,303
10,302
10,301
10,300
10,299
10,298
10,297
10,296
10,295
10,294
10,293
10,292
10,291
10,290
10,289
10,288
10,287
10,286
10,285
10,284
10,283
10,282
10,281
10,280
10,279
10,278
10,277
10,276
10,275
10,274
10,273
